1 0 5016 0 1 0
1 0 5130 0 1 0
1 0 5239 0 1 0
1 0 5247 0 1 0
1 0 5262 0 1 0
1 0 5263 0 1 0
1 0 5297 0 1 0
1 0 5396 0 1 0
1 0 5445 0 1 0
1 0 5448 0 1 0
1 0 5452 0 1 0
1 0 5460 0 1 0
1 0 5467 0 1 0
1 0 5470 0 1 0
1 0 5477 0 1 0
1 0 5547 0 1 0
1 0 5590 0 1 0
1 0 5716 0 1 0
1 0 5727 0 1 0
1 0 5833 0 1 0
1 0 5943 0 1 0
1 0 6359 0 1 0
1 0 6404 0 1 0
1 0 6438 0 1 0
1 0 6445 0 1 0
1 0 6448 0 1 0
1 0 6451 0 1 0
1 0 6468 0 1 0
1 0 6473 0 1 0
1 0 6475 0 1 0
1 0 6560 0 1 0
1 0 6638 0 1 0
1 0 6640 0 1 0
1 0 6660 0 1 0
1 0 6770 0 1 0
1 0 6796 0 1 0
1 0 6836 0 1 0
1 0 6914 0 1 0
1 0 6975 0 1 0
1 0 6987 0 1 0
1 0 7181 0 1 0
1 0 7292 0 1 0
1 0 7343 0 1 0
1 0 7365 0 1 0
1 0 7460 0 1 0
1 0 7472 0 1 0
1 0 7529 0 1 0
1 0 7560 0 1 0
1 0 7569 0 1 0
1 0 7620 0 1 0
1 0 7662 0 1 0
1 0 7664 0 1 0
1 0 7679 0 1 0
1 0 7683 0 1 0
1 0 7687 0 1 0
1 0 7688 0 1 0
1 0 7691 0 1 0
1 0 7720 0 1 0
1 0 7846 0 1 0
1 0 7875 0 1 0
1 0 8019 0 1 0
1 0 8049 0 1 0
1 0 8080 0 1 0
1 0 8184 0 1 0
1 0 8185 0 1 0
1 0 8234 0 1 0
1 0 8321 0 1 0
1 0 8332 0 1 0
1 0 8679 0 1 0
1 0 8732 0 1 0
1 0 8792 0 1 0
1 0 8914 0 1 0
1 0 8955 0 1 0
1 0 9025 0 1 0
1 0 9029 0 1 0
1 0 9036 0 1 0
1 0 9038 0 1 0
1 0 9048 0 1 0
1 0 9060 0 1 0
1 0 9062 0 1 0
1 0 9063 0 1 0
1 0 9082 0 1 0
1 0 9091 0 1 0
1 0 9186 0 1 0
1 0 9275 0 1 0
1 0 9278 0 1 0
1 0 9390 0 1 0
1 0 9441 0 1 0
1 0 9589 0 1 0
1 0 9612 0 1 0
1 0 9636 0 1 0
1 0 9739 0 1 0
1 0 9745 0 1 0
1 0 9819 0 1 0
1 0 9822 0 1 0
1 0 9827 0 1 0
1 0 9969 0 1 0
1 0 10035 0 1 0
2 0 5121 0 1 0
2 0 5342 0 1 0
2 0 5350 0 1 0
2 0 5418 0 1 0
2 0 5590 0 1 0
2 0 5824 0 1 0
2 0 6052 0 1 0
2 0 6062 0 1 0
2 0 6605 0 1 0
2 0 7503 0 1 0
2 0 7597 0 1 0
2 0 7759 0 1 0
2 0 8038 0 1 0
2 0 8241 0 1 0
2 0 8266 0 1 0
2 0 8753 0 1 0
2 0 8907 0 1 0
2 0 8922 0 1 0
2 0 8963 0 1 0
2 0 8993 0 1 0
2 0 9138 0 1 0
2 0 9190 0 1 0
2 0 9253 0 1 0
2 0 9456 0 1 0
2 0 9470 0 1 0
2 0 9625 0 1 0
2 0 9704 0 1 0
2 0 9832 0 1 0
2 0 9891 0 1 0
2 0 9945 0 1 0
3 0 5019 0 1 0
3 0 5023 0 1 0
3 0 5115 0 1 0
3 0 5145 0 1 0
3 0 5158 0 1 0
3 0 5169 0 1 0
3 0 5174 0 1 0
3 0 5323 0 1 0
3 0 5350 0 1 0
3 0 5387 0 1 0
3 0 5390 0 1 0
3 0 5400 0 1 0
3 0 5483 0 1 0
3 0 5493 0 1 0
3 0 5506 0 1 0
3 0 5585 0 1 0
3 0 5660 0 1 0
3 0 5663 0 1 0
3 0 5664 0 1 0
3 0 5672 0 1 0
3 0 5686 0 1 0
3 0 5687 0 1 0
3 0 5690 0 1 0
3 0 5697 0 1 0
3 0 5698 0 1 0
3 0 5730 0 1 0
3 0 5825 0 1 0
3 0 5829 0 1 0
3 0 5901 0 1 0
3 0 5906 0 1 0
3 0 5907 0 1 0
3 0 5937 0 1 0
3 0 5954 0 1 0
3 0 5957 0 1 0
3 0 6006 0 1 0
3 0 6108 0 1 0
3 0 6133 0 1 0
3 0 6171 0 1 0
3 0 6182 0 1 0
3 0 6183 0 1 0
3 0 6299 0 1 0
3 0 6300 0 1 0
3 0 6308 0 1 0
3 0 6310 0 1 0
3 0 6342 0 1 0
3 0 6381 0 1 0
3 0 6460 0 1 0
3 0 6470 0 1 0
3 0 6471 0 1 0
3 0 6473 0 1 0
3 0 6484 0 1 0
3 0 6511 0 1 0
3 0 6512 0 1 0
3 0 6567 0 1 0
3 0 6601 0 1 0
3 0 6796 0 1 0
3 0 6848 0 1 0
3 0 6849 0 1 0
3 0 6850 0 1 0
3 0 6870 0 1 0
3 0 6871 0 1 0
3 0 6907 0 1 0
3 0 6915 0 1 0
3 0 6916 0 1 0
3 0 6927 0 1 0
3 0 6937 0 1 0
3 0 6964 0 1 0
3 0 6965 0 1 0
3 0 6971 0 1 0
3 0 7027 0 1 0
3 0 7151 0 1 0
3 0 7163 0 1 0
3 0 7175 0 1 0
3 0 7183 0 1 0
3 0 7230 0 1 0
3 0 7335 0 1 0
3 0 7353 0 1 0
3 0 7386 0 1 0
3 0 7387 0 1 0
3 0 7407 0 1 0
3 0 7460 0 1 0
3 0 7533 0 1 0
3 0 7553 0 1 0
3 0 7598 0 1 0
3 0 7730 0 1 0
3 0 7732 0 1 0
3 0 7735 0 1 0
3 0 7745 0 1 0
3 0 7771 0 1 0
3 0 7789 0 1 0
3 0 7810 0 1 0
3 0 7842 0 1 0
3 0 7844 0 1 0
3 0 7853 0 1 0
3 0 7876 0 1 0
3 0 7884 0 1 0
3 0 7907 0 1 0
3 0 7909 0 1 0
3 0 7925 0 1 0
3 0 7953 0 1 0
3 0 7964 0 1 0
3 0 7987 0 1 0
3 0 7991 0 1 0
3 0 8002 0 1 0
3 0 8019 0 1 0
3 0 8058 0 1 0
3 0 8124 0 1 0
3 0 8162 0 1 0
3 0 8193 0 1 0
3 0 8270 0 1 0
3 0 8320 0 1 0
3 0 8370 0 1 0
3 0 8374 0 1 0
3 0 8375 0 1 0
3 0 8416 0 1 0
3 0 8419 0 1 0
3 0 8446 0 1 0
3 0 8485 0 1 0
3 0 8504 0 1 0
3 0 8564 0 1 0
3 0 8605 0 1 0
3 0 8606 0 1 0
3 0 8678 0 1 0
3 0 8710 0 1 0
3 0 8716 0 1 0
3 0 8741 0 1 0
3 0 8856 0 1 0
3 0 8922 0 1 0
3 0 8925 0 1 0
3 0 8980 0 1 0
3 0 8988 0 1 0
3 0 9050 0 1 0
3 0 9069 0 1 0
3 0 9075 0 1 0
3 0 9076 0 1 0
3 0 9078 0 1 0
3 0 9079 0 1 0
3 0 9090 0 1 0
3 0 9156 0 1 0
3 0 9161 0 1 0
3 0 9180 0 1 0
3 0 9198 0 1 0
3 0 9209 0 1 0
3 0 9247 0 1 0
3 0 9281 0 1 0
3 0 9315 0 1 0
3 0 9322 0 1 0
3 0 9323 0 1 0
3 0 9371 0 1 0
3 0 9394 0 1 0
3 0 9415 0 1 0
3 0 9487 0 1 0
3 0 9545 0 1 0
3 0 9574 0 1 0
3 0 9579 0 1 0
3 0 9582 0 1 0
3 0 9584 0 1 0
3 0 9591 0 1 0
3 0 9593 0 1 0
3 0 9595 0 1 0
3 0 9616 0 1 0
3 0 9625 0 1 0
3 0 9648 0 1 0
3 0 9652 0 1 0
3 0 9665 0 1 0
3 0 9684 0 1 0
3 0 9698 0 1 0
3 0 9779 0 1 0
3 0 9821 0 1 0
3 0 9860 0 1 0
3 0 9869 0 1 0
3 0 9891 0 1 0
3 0 9968 0 1 0
3 0 10025 0 1 0
3 0 10034 0 1 0
4 0 5506 0 1 0
4 0 6182 0 1 0
4 0 6342 0 1 0
4 0 6470 0 1 0
4 0 6473 0 1 0
4 0 6484 0 1 0
4 0 6567 0 1 0
4 0 6796 0 1 0
4 0 6848 0 1 0
4 0 6849 0 1 0
4 0 6850 0 1 0
4 0 7335 0 1 0
4 0 7533 0 1 0
4 0 7730 0 1 0
4 0 7732 0 1 0
4 0 7735 0 1 0
4 0 7876 0 1 0
4 0 7907 0 1 0
4 0 7925 0 1 0
4 0 7964 0 1 0
4 0 8270 0 1 0
4 0 8370 0 1 0
4 0 8419 0 1 0
4 0 8564 0 1 0
4 0 8856 0 1 0
4 0 8925 0 1 0
4 0 9079 0 1 0
4 0 9247 0 1 0
4 0 9371 0 1 0
4 0 9487 0 1 0
4 0 9616 0 1 0
4 0 9684 0 1 0
4 0 9891 0 1 0
4 0 10034 0 1 0
5 0 5019 0 1 0
5 0 5145 0 1 0
5 0 5169 0 1 0
5 0 5174 0 1 0
5 0 5483 0 1 0
5 0 5493 0 1 0
5 0 5506 0 1 0
5 0 5585 0 1 0
5 0 5660 0 1 0
5 0 5672 0 1 0
5 0 5687 0 1 0
5 0 5697 0 1 0
5 0 5730 0 1 0
5 0 5825 0 1 0
5 0 5906 0 1 0
5 0 5907 0 1 0
5 0 5957 0 1 0
5 0 6182 0 1 0
5 0 6183 0 1 0
5 0 6300 0 1 0
5 0 6342 0 1 0
5 0 6381 0 1 0
5 0 6470 0 1 0
5 0 6471 0 1 0
5 0 6473 0 1 0
5 0 6484 0 1 0
5 0 6567 0 1 0
5 0 6601 0 1 0
5 0 6796 0 1 0
5 0 6848 0 1 0
5 0 6849 0 1 0
5 0 6850 0 1 0
5 0 6870 0 1 0
5 0 6871 0 1 0
5 0 6927 0 1 0
5 0 6965 0 1 0
5 0 7151 0 1 0
5 0 7183 0 1 0
5 0 7230 0 1 0
5 0 7335 0 1 0
5 0 7353 0 1 0
5 0 7387 0 1 0
5 0 7460 0 1 0
5 0 7533 0 1 0
5 0 7553 0 1 0
5 0 7598 0 1 0
5 0 7730 0 1 0
5 0 7732 0 1 0
5 0 7735 0 1 0
5 0 7745 0 1 0
5 0 7771 0 1 0
5 0 7810 0 1 0
5 0 7876 0 1 0
5 0 7884 0 1 0
5 0 7907 0 1 0
5 0 7909 0 1 0
5 0 7925 0 1 0
5 0 7964 0 1 0
5 0 8162 0 1 0
5 0 8270 0 1 0
5 0 8370 0 1 0
5 0 8375 0 1 0
5 0 8419 0 1 0
5 0 8564 0 1 0
5 0 8716 0 1 0
5 0 8741 0 1 0
5 0 8856 0 1 0
5 0 8922 0 1 0
5 0 8925 0 1 0
5 0 9069 0 1 0
5 0 9075 0 1 0
5 0 9076 0 1 0
5 0 9079 0 1 0
5 0 9090 0 1 0
5 0 9161 0 1 0
5 0 9198 0 1 0
5 0 9209 0 1 0
5 0 9247 0 1 0
5 0 9315 0 1 0
5 0 9371 0 1 0
5 0 9487 0 1 0
5 0 9574 0 1 0
5 0 9584 0 1 0
5 0 9591 0 1 0
5 0 9595 0 1 0
5 0 9616 0 1 0
5 0 9625 0 1 0
5 0 9652 0 1 0
5 0 9665 0 1 0
5 0 9684 0 1 0
5 0 9779 0 1 0
5 0 9821 0 1 0
5 0 9891 0 1 0
5 0 10034 0 1 0
6 0 6078 0 1 0
6 0 6096 0 1 0
6 0 6422 0 1 0
6 0 6879 0 1 0
6 0 7207 0 1 0
6 0 8282 0 1 0
6 0 8646 0 1 0
6 0 8778 0 1 0
6 0 8855 0 1 0
6 0 8939 0 1 0
6 0 9229 0 1 0
6 0 9625 0 1 0
7 0 6901 0 1 0
8 0 5076 0 1 0
8 0 5125 0 1 0
8 0 5303 0 1 0
8 0 5324 0 1 0
8 0 5369 0 1 0
8 0 5381 0 1 0
8 0 5413 0 1 0
8 0 5486 0 1 0
8 0 5487 0 1 0
8 0 5488 0 1 0
8 0 5646 0 1 0
8 0 5649 0 1 0
8 0 5729 0 1 0
8 0 5755 0 1 0
8 0 5837 0 1 0
8 0 5855 0 1 0
8 0 5878 0 1 0
8 0 5950 0 1 0
8 0 5976 0 1 0
8 0 5988 0 1 0
8 0 6106 0 1 0
8 0 6193 0 1 0
8 0 6328 0 1 0
8 0 6386 0 1 0
8 0 6411 0 1 0
8 0 6462 0 1 0
8 0 6463 0 1 0
8 0 6464 0 1 0
8 0 6465 0 1 0
8 0 6472 0 1 0
8 0 6860 0 1 0
8 0 6865 0 1 0
8 0 6909 0 1 0
8 0 6959 0 1 0
8 0 6991 0 1 0
8 0 6998 0 1 0
8 0 7002 0 1 0
8 0 7006 0 1 0
8 0 7307 0 1 0
8 0 7350 0 1 0
8 0 7435 0 1 0
8 0 7461 0 1 0
8 0 7472 0 1 0
8 0 7596 0 1 0
8 0 7644 0 1 0
8 0 7721 0 1 0
8 0 7722 0 1 0
8 0 7723 0 1 0
8 0 7724 0 1 0
8 0 7753 0 1 0
8 0 7774 0 1 0
8 0 7808 0 1 0
8 0 7882 0 1 0
8 0 8057 0 1 0
8 0 8068 0 1 0
8 0 8137 0 1 0
8 0 8328 0 1 0
8 0 8470 0 1 0
8 0 8595 0 1 0
8 0 8611 0 1 0
8 0 8664 0 1 0
8 0 8766 0 1 0
8 0 8965 0 1 0
8 0 8976 0 1 0
8 0 8977 0 1 0
8 0 9068 0 1 0
8 0 9069 0 1 0
8 0 9070 0 1 0
8 0 9116 0 1 0
8 0 9120 0 1 0
8 0 9260 0 1 0
8 0 9405 0 1 0
8 0 9548 0 1 0
8 0 9681 0 1 0
8 0 9767 0 1 0
8 0 9790 0 1 0
8 0 9863 0 1 0
9 0 5000 0 1 0
9 0 5378 0 1 0
9 0 5505 0 1 0
9 0 5562 0 1 0
9 0 5793 0 1 0
9 0 5995 0 1 0
9 0 6378 0 1 0
9 0 6557 0 1 0
9 0 6780 0 1 0
9 0 7011 0 1 0
9 0 7033 0 1 0
9 0 7603 0 1 0
9 0 7610 0 1 0
9 0 7746 0 1 0
9 0 7748 0 1 0
9 0 7825 0 1 0
9 0 8082 0 1 0
9 0 8091 0 1 0
9 0 8340 0 1 0
9 0 8573 0 1 0
9 0 8971 0 1 0
9 0 9082 0 1 0
9 0 9150 0 1 0
9 0 9391 0 1 0
9 0 9662 0 1 0
9 0 9871 0 1 0
10 0 5000 0 1 0
10 0 5378 0 1 0
10 0 5505 0 1 0
10 0 5515 0 1 0
10 0 5562 0 1 0
10 0 5793 0 1 0
10 0 5995 0 1 0
10 0 6106 0 1 0
10 0 6378 0 1 0
10 0 6474 0 1 0
10 0 6557 0 1 0
10 0 6778 0 1 0
10 0 6780 0 1 0
10 0 7011 0 1 0
10 0 7603 0 1 0
10 0 7746 0 1 0
10 0 7825 0 1 0
10 0 8082 0 1 0
10 0 8340 0 1 0
10 0 8573 0 1 0
10 0 8971 0 1 0
10 0 9082 0 1 0
10 0 9099 0 1 0
10 0 9150 0 1 0
10 0 9391 0 1 0
10 0 9662 0 1 0
10 0 9937 0 1 0
