1: (9090,3) (6850,2) (9574,2) (8709,1) (9684,1) (5011,1)
2: (5715,2) (9677,2) (5766,2) (6327,1) (6079,1) (5653,1) (6498,1) (7117,1)
3: (9743,3)
4: (6491,3) (5269,3) (8032,3) (9444,3) (8988,2) (9445,2) (5883,2) (7435,2) (9745,1) (10029,1) (7224,1) (9038,1) (7827,1) (6675,1) (9720,1) (6289,1) (9746,1) (6836,1) (10119,1) (4742,1) (9739,1) (5783,1) (10117,1) (8414,1) (5865,1) (8315,1) (9523,1) (8318,1) (6288,1) (5268,1) (7620,1) (7046,1) (6054,1) (9744,1) (6743,1) (9278,1) (8562,1) (6382,1) (6334,1) (6292,1)
5: (1646,1) (2126,1) (3111,1) (4983,1) (8646,1) (6669,1) (8282,1)
6: (8433,3) (7487,3)  (6736,3) (5305,1) (8844,1) (9736,1) (9541,1) (8261,1) (8120,1) (7424,1) (8593,1) (7737,1)
7: (7646,3) (3156,2) (4144,1)
8: (9891,3) (7844,3) (9574,2) (9684,2) (9090,1) (9652,1) (9281,1) (6171,1)
9: (5884,3) (5995,3) (5121,3) (6923,3) (7686,2) (7704,2) (6496,2) (5565,2) (9760,2) (8344,2) (5138,1) (9104,1) (7847,1) (5644,1) (7961,1) (7687,1) (9647,1) (9666,1) (7357,1) (8186,1) (5000,1) (7946,1) (7825,1) (9072,1) (8514,1) (7690,1) (7729,1) (7688,1) (10019,1) (6181,1)
10: (7346,3) (8840,2) (3258,2) (5175,1) (8566,1)
